-1.528120311045786 -2.5293008200647815 0
-1.3180906020652667 0.49403832591952757 1
-6.13032306721353 -7.825161637708082 1
-3.323890262002158 8.187450704425153 1
7.829324808153359 -6.111722792880427 1
6.050258634541972 -1.0376381458169135 0
-1.937367841214206 3.4397331519163306 1
1.8057062504648158 -4.023383860068703 0
4.871209603956148 -3.2324665157507244 0
6.634639412865184 0.4471583614525727 0
-3.705746142933652 -8.383377148824927 0
-8.114936655418667 8.368035333720968 1
-6.783271549430923 5.567482991147163 1
2.7464915170306963 -2.7169047138434994 0
-1.4217634012080715 9.285746910379192 1
-9.538625022309578 8.538328984796586 1
8.537561335578829 8.49259204084668 0
4.14583317832051 -9.808943267985551 0
-5.470542901222166 0.6713166087253324 1
0.5131521988469956 2.6770743502600887 1
2.2121348292791883 2.3394301577940535 0
-8.858126278288394 2.6706783745838294 1
-1.6032789096463258 -4.839873387221376 0
9.561575521682439 -7.007977164282114 0
-9.337883901082913 -4.4883256034114645 1
0.9257693680063657 9.034713842723395 1
-9.584128351852563 -5.414860525347212 1
7.922124367833749 9.554818260415153 0
1.0272791379447384 -7.215599334951175 1
1.2926121318173518 -5.231285920840836 0
-5.866472938149503 2.2397417378548727 1
1.2946072134217506 -6.022667521224188 0
-6.458103236759969 9.636876926213123 1
7.960550476484048 3.2315086102338846 0
4.996252311672585 -5.73585153574351 0
9.37798887542246 -0.8217402906427296 0
7.557847168444749 5.086350400648474 0
-4.379300298848701 -5.080966946757595 0
8.019487892266042 8.596220147037112 0
4.559701380662911 7.6441464600963585 0
1.6166623257000055 -5.056393601955628 1
8.652295475393686 -5.4039337800699805 1
-8.2548945043121 3.1047354424174074 1
-1.0326019070592292 -4.391440218477678 0
-1.6952338585187299 -7.725639361247001 0
-4.8866838036941695 7.557470520474844 1
1.965980337458701 -7.17606595650778 0
-5.715598493914142 2.4676350790857775 1
1.833190545878125 -1.411186211540036 0
7.167588260961033 9.112564179054388 0
1.8405043300571684 -3.6160525403117516 0
6.7183678778884115 3.5197711359718618 0
-9.634922008562867 -2.105000529341452 1
-7.464836282706178 -8.90671023834466 1
-4.96050053578502 3.782490392994159 1
9.375974993919176 9.761767153730077 0
-3.928669880438145 6.23982163032138 1
4.853546814713365 5.7688613176143715 0
5.462515623286492 1.5689898667812159 1
-3.9652752352664926 -9.006759098960453 0
-6.273236144852277 1.72496250869073 1
6.013118496060745 1.0066191361462806 0
-9.16996750860984 -2.6869055461701308 1
3.9162323261817384 -2.1243144444073288 0
3.3661972881450026 4.223127493793946 0
0.5809010216243031 -9.149160502635358 0
-1.8973845732794423 -7.094704355927874 0
-1.4463551496912057 4.862056657627164 1
-5.898098894270611 -9.866626140168616 1
-8.647426307683595 -7.101714270161736 1
6.197606117877012 5.788170336647777 0
1.2091333384972263 9.057320825369672 1
-5.339114701964654 -4.497454589134923 1
-4.126556677445123 7.93131955146395 1
5.868462311386029 8.642537006664377 0
8.535663992003478 0.08991709443660056 0
-8.467473699514208 0.7031218836268671 1
-3.5551555956474212 -1.7735884891385822 1
-2.118615624165219 -8.646397079871944 0
-4.709453885172852 2.968616889949864 1
7.824070696168626 1.596075143557755 0
-9.316767156358354 -1.2120637022782716 1
8.768411244620061 4.257947075412012 0
3.8965348391272805 9.668806608744301 1
5.003575102233594 -4.279401339009432 0
6.125013041552659 -9.535842977776701 0
8.455686671536014 -1.2770136155147345 0
9.509543744506491 -4.1632605998463035 0
-4.333113484858149 7.5408627462751525 0
0.6709250771147488 -4.515658848421548 0
5.9601343388273005 0.03633408194464671 0
5.990305696282505 6.5198359154834655 0
-1.702718665246124 4.143228566295365 1
-9.160410594496643 4.412979535642485 1
-1.8826902422140446 8.383248308042475 1
6.790607272148257 9.225650097829934 0
4.693435158193726 -7.98436557534197 0
-8.149394777000836 8.849110774235864 1
-8.052268789508226 6.3661590273373285 1
-4.747009370355519 -6.118361779958326 0
7.3234007182810785 -3.3458503460376683 0
-2.5166409929453533 -3.594215115695003 1
-6.211481915134332 -3.928977481053055 1
-8.813888409860887 7.412413410147522 1
7.319323703532177 9.729973250866891 0
-6.541501690736582 3.586735199464277 1
-2.2883001588529943 -4.888946250961488 0
4.816215202717867 5.67068435864374 0
-5.840353934904212 3.41343161281371 1
5.764797989551516 -1.8656525015951324 0
-7.979912086918592 9.37915499546245 1
5.328471395977523 7.352618530749734 0
-4.707414651471542 -1.8101800073875207 1
-5.09507071751422 -4.744936870555023 1
-4.243858709300796 -9.583849833312426 0
-0.7997952807282864 3.2979006502746095 1
-1.9633027540410257 9.115200406895696 1
-1.540574943660129 1.8353705596269911 1
-2.821228727000957 -2.6472945729160706 1
-6.608683039369114 -9.780717261426721 1
7.051376418800366 5.948566572765305 0
-2.3310874058984643 9.343573819861394 1
-6.942418179206138 -2.691395335019193 1
-9.804504365269517 0.4259574833720663 1
-1.497830421789775 4.960047544586228 1
-1.0895295881021596 -0.4304330920903343 1
1.4035614311557936 -6.066169332939497 0
4.169081151499697 8.499620555103963 0
6.752808937413729 4.453123267856178 0
-2.0052574628495945 7.686857267910643 1
0.8997734106568611 -8.548320407467786 0
7.0427389508748846 -7.848391344046219 0
-9.002089944256417 2.1520948397514346 1
-5.8637689283864125 4.32813127554045 1
-2.184869731335164 1.114917605955661 1
-6.115629712614059 7.634047024069002 1
-2.2926970361817434 -9.405671688689964 0
1.249959537250927 -7.55232772753935 0
-4.421138561493225 -1.5882268635429426 1
3.0199793843735545 -9.902545888231577 0
0.08499955825392647 -3.4699048600367455 0
6.9034935926421745 5.700978372446677 0
3.462817293354073 2.6593420110759602 0
-6.667511800886827 6.181794200907898 1
-2.047165656033771 -7.928920331379439 0
-6.195928449663652 2.90396065275743 1
8.963287514515287 -4.202246259828413 0
5.5467756967323965 9.897500279682486 0
0.550837463513286 -1.0580590713768352 0
5.126395518013471 -2.158873214534207 0
-6.506461542319551 4.249234719476933 1
8.972499931275365 3.4975095830568605 0
-9.296553564989178 -7.322435048123161 1
3.28739817128662 5.274192410314134 0
-7.107197917690744 -3.368007142665686 1
1.9145437410083979 2.5608970663919166 0
1.6326750281526579 -9.028045727541125 0
1.950098092761861 2.4595965099342916 0
-6.973002963741486 0.9196151890886046 1
-7.425801054667609 8.903221081818288 1
7.406405469346055 -0.3770434251374599 0
3.0894200332580883 0.8154131168406877 0
6.400964460746124 -2.687543171217799 0
-2.24750389346333 6.198219600194037 1
-5.408012777257831 -9.369663869285102 1
4.8786545082598956 -5.4147956022828 0
-1.7784324335347783 -2.3617117502043268 1
-0.9696400618075849 -8.659964372277438 0
6.142374230861282 -0.007041304036654594 0
1.9560036350429044 2.4283741242985073 0
-0.2544966961715307 -1.4747612886230392 0
-9.661449172690872 -0.40532220077757586 1
8.874041787052995 -2.385849565345133 0
-2.6935625581583977 3.8236207206569155 1
3.015227506367479 -6.109141454414884 0
-3.056352157978351 -6.516050099322374 0
-6.897022103280661 -1.537429781117563 1
4.544878960853344 -4.995883269072571 0
-5.7690847004990236 -7.533092614096306 1
3.8645852704277743 4.114623202984751 0
7.087055042282195 -7.250787837988611 0
0.812506720630509 8.850074262807162 1
-6.974086277089473 8.13025240012021 1
1.597563182270763 -0.6898539117336 0
-0.11986283543394194 -6.630554518983396 0
-6.2012562448466735 -0.25361282596083257 1
1.807673744091204 -5.263956402933811 0
-1.2345868162993163 5.421727646944294 1
-5.96470364463223 -8.777736095290367 1
-8.422704669215598 7.870071077581869 1
-6.904321386374739 2.9501148588871633 1
4.9207927205306685 9.090150716452708 0
-5.69845584239193 -6.742774606845352 1
-9.004632802427654 7.704254924528865 1
-6.56757682599038 4.253339805686277 1
-7.779143600556395 -8.500785307120664 1
0.040528855024176025 -5.78719357078983 0
9.280979252875941 -7.217492978384286 0
-0.036982538637076345 -3.158543111876247 0
2.05434332403283 0.8062284129744928 0
